1:  []
2:  []
3:  []
4:  []
5:  []
6:  []
7:  []
8:  []
9:  []
10:  []
11:  []
12:  []
13:  []
14:  []
15:  []
16:  []
17:  []
18:  []
19:  []
20:  []
21:  []
22:  []
23:  []
24:  []
25:  []
26:  []
27:  []
28:  []
29:  []
30:  []
31:  []
32:  []
33:  []
34:  []
35:  [[[90, 77], 7], [[80, 85], 7], [[70, 95], 9], [[59, 105], 9]]
36:  [[[59, 96], 6], [[65, 84], 12], [[78, 78], 11], [[89, 71], 10], [[100, 67], 9]]
37:  [[[63, 82], 5], [[69, 79], 7], [[76, 75], 8], [[85, 71], 10], [[96, 67], 11], [[111, 64], 11], [[126, 64], 11], [[141, 68], 13], [[154, 71], 12], [[169, 73], 9], [[180, 74], 7]]
38:  [[[161, 94], 21], [[179, 79], 7], [[143, 79], 6], [[140, 117], 13], [[156, 117], 7], [[133, 99], 8], [[124, 108], 7]]
39:  []
40:  [[[147, 109], 7], [[145, 95], 13], [[146, 79], 16], [[148, 58], 19], [[145, 33], 23], [[150, 9], 9]]
41:  [[[82, 33], 21], [[115, 17], 20], [[139, 12], 11], [[93, 12], 9], [[57, 41], 8]]
42:  []
43:  []
44:  [[[96, 51], 9], [[106, 47], 5], [[83, 53], 11], [[70, 54], 13], [[59, 64], 7]]
45:  [[[160, 97], 21], [[174, 114], 9], [[137, 101], 8], [[163, 76], 16], [[153, 56], 14], [[134, 46], 13], [[117, 41], 10], [[104, 38], 8], [[96, 36], 6], [[88, 34], 5]]
46:  [[[134, 114], 16], [[154, 116], 11], [[168, 116], 7], [[118, 100], 7]]
47:  []
48:  []
49:  []
50:  []
51:  []
52:  [[[156, 56], 23], [[178, 26], 9], [[166, 41], 19], [[133, 77], 19], [[111, 88], 14], [[94, 91], 10], [[83, 95], 8], [[73, 98], 7]]
53:  [[[134, 22], 22], [[159, 20], 16], [[108, 11], 14]]
54:  [[[88, 69], 19], [[72, 48], 11], [[66, 24], 5], [[68, 34], 8], [[104, 57], 7], [[99, 88], 6], [[117, 37], 6], [[125, 27], 11], [[137, 15], 18], [[134, 4], 10], [[156, 23], 9], [[168, 35], 6], [[162, 29], 8]]
55:  [[[94, 59], 7], [[104, 70], 12], [[111, 82], 21], [[92, 95], 13], [[76, 99], 8], [[65, 99], 5], [[83, 52], 8], [[74, 45], 12], [[64, 29], 19], [[47, 32], 8], [[73, 15], 13], [[85, 4], 8]]
56:  [[[59, 64], 23], [[44, 85], 9], [[78, 75], 8], [[49, 39], 9]]
57:  []
58:  []
59:  []
60:  []
61:  [[[155, 78], 6], [[147, 77], 5], [[141, 76], 5], [[134, 74], 5], [[127, 71], 5]]
62:  [[[127, 86], 16], [[142, 89], 6], [[113, 102], 7]]
63:  []
64:  [[[157, 100], 22], [[170, 122], 10], [[154, 70], 20], [[135, 53], 15], [[110, 44], 8], [[121, 47], 10], [[151, 49], 7], [[172, 80], 7]]
65:  [[[100, 112], 17], [[80, 118], 11], [[71, 121], 7], [[122, 119], 12], [[137, 118], 14], [[153, 121], 9], [[165, 123], 6]]
66:  []
67:  []
68:  []
69:  [[[133, 74], 10], [[137, 62], 11], [[143, 49], 10], [[146, 36], 9]]
70:  [[[158, 87], 18], [[158, 65], 10], [[165, 101], 9], [[113, 83], 17], [[113, 106], 9], [[104, 65], 7], [[134, 87], 7]]
71:  [[[130, 85], 8], [[137, 64], 18], [[152, 59], 9], [[113, 62], 9], [[128, 107], 19], [[149, 109], 10], [[108, 114], 8]]
72:  [[[152, 91], 18], [[152, 69], 9], [[157, 106], 9], [[107, 83], 18], [[101, 64], 7], [[106, 101], 11], [[106, 111], 6]]
73:  [[[132, 84], 9], [[136, 64], 18], [[153, 58], 11], [[116, 59], 10], [[128, 103], 18], [[150, 106], 9], [[111, 109], 9]]
74:  []
75:  []
76:  [[[70, 111], 5], [[78, 111], 6], [[85, 110], 6], [[92, 110], 7], [[101, 109], 8], [[112, 106], 8], [[119, 104], 7]]
77:  [[[94, 110], 4], [[100, 109], 5], [[108, 109], 6], [[118, 107], 7], [[128, 107], 7], [[137, 106], 8], [[153, 101], 12], [[169, 87], 19], [[188, 66], 9], [[179, 77], 14]]
78:  [[[186, 67], 5], [[178, 70], 6], [[168, 74], 8], [[159, 81], 8], [[150, 88], 8], [[140, 94], 8]]
79:  [[[156, 96], 14], [[170, 75], 6], [[165, 84], 10], [[143, 102], 10], [[131, 104], 7]]
80:  [[[121, 113], 12], [[136, 111], 11], [[151, 108], 9], [[160, 104], 6], [[108, 106], 6]]
81:  []
82:  [[[68, 113], 6], [[74, 108], 7], [[82, 104], 9], [[90, 97], 10], [[98, 87], 10], [[104, 79], 7]]
83:  [[[93, 102], 5], [[98, 97], 6], [[102, 90], 7], [[106, 82], 8], [[113, 72], 10]]
84:  [[[120, 60], 13], [[132, 56], 9], [[106, 53], 8], [[95, 51], 7]]
85:  [[[113, 47], 10], [[125, 51], 9]]
86:  [[[98, 33], 9], [[112, 34], 11], [[125, 32], 10], [[139, 30], 10]]
87:  [[[114, 37], 9], [[105, 34], 7], [[126, 34], 6], [[134, 32], 5]]
88:  []
89:  []
90:  []
91:  []
92:  []
93:  []
94:  []
95:  []
96:  []
97:  []
98:  []
99:  []
100:  []
101:  []
102:  []
103:  []
104:  []
105:  []
106:  []
107:  []
108:  []
109:  []
110:  []
111:  []
112:  []
113:  []
114:  []
115:  []
116:  []
117:  []
118:  []
119:  []
120:  []
121:  []
122:  []
123:  []
124:  []
125:  []
126:  []
127:  []
128:  []
129:  []
130:  []
131:  []
132:  []
133:  []
134:  []
135:  [[[156, 71], 22], [[139, 57], 10], [[174, 60], 10], [[144, 93], 17], [[163, 92], 7], [[131, 102], 13], [[113, 106], 10], [[100, 107], 8], [[89, 107], 7], [[79, 108], 6], [[70, 106], 5]]
136:  [[[148, 33], 25], [[171, 49], 12], [[115, 27], 12], [[115, 13], 14], [[134, 9], 9]]
137:  [[[93, 21], 20], [[70, 28], 16], [[49, 33], 9], [[109, 34], 7], [[105, 6], 7]]
138:  []
139:  []
140:  [[[92, 8], 5], [[98, 11], 6], [[104, 16], 6], [[110, 20], 7], [[117, 25], 7], [[125, 29], 8], [[133, 35], 8], [[142, 42], 9], [[150, 49], 10], [[157, 60], 13], [[161, 82], 19], [[171, 65], 7], [[150, 95], 15], [[132, 105], 11], [[118, 110], 8], [[107, 113], 8], [[98, 116], 9], [[88, 119], 9], [[76, 121], 9], [[67, 122], 9]]
141:  []
142:  []
143:  []
144:  []
145:  []
146:  []
147:  []
148:  []
149:  []
150:  []
151:  []
152:  []
153:  []
154:  []
155:  []
156:  []
157:  []
158:  [[[138, 104], 9], [[145, 110], 9], [[145, 110], 9], [[152, 113], 9], [[154, 113], 9], [[161, 118], 9], [[169, 123], 9], [[169, 123], 9]]
159:  [[[144, 100], 8], [[154, 107], 8], [[161, 113], 8], [[176, 124], 8], [[170, 118], 8], [[163, 115], 8], [[159, 113], 8], [[150, 104], 8]]
160:  [[[168, 85], 29], [[175, 114], 12], [[177, 49], 14], [[189, 61], 9], [[161, 54], 5]]
161:  [[[152, 69], 11], [[160, 96], 24], [[134, 108], 12], [[146, 119], 6], [[149, 44], 23], [[171, 39], 11], [[129, 36], 15], [[114, 33], 8]]
162:  [[[157, 45], 23], [[166, 62], 17], [[173, 78], 11], [[178, 90], 6], [[164, 21], 8]]
163:  [[[90, 32], 22], [[108, 23], 23], [[124, 23], 23], [[148, 19], 13], [[161, 19], 7], [[66, 34], 9]]
164:  [[[73, 59], 22], [[62, 80], 10], [[62, 38], 8], [[95, 60], 14], [[108, 58], 10]]
165:  [[[79, 89], 15], [[89, 104], 10], [[82, 75], 8], [[65, 86], 7]]
166:  [[[86, 96], 11], [[99, 94], 9], [[109, 93], 8], [[116, 93], 8], [[134, 93], 8], [[144, 92], 8], [[156, 93], 8], [[167, 91], 8]]
167:  [[[85, 93], 5], [[92, 91], 5], [[101, 91], 6], [[109, 90], 6], [[116, 89], 7], [[122, 87], 7], [[130, 86], 8], [[138, 85], 8], [[150, 83], 8], [[148, 95], 8]]
168:  [[[142, 94], 10], [[130, 94], 9], [[116, 95], 8], [[151, 89], 8], [[156, 86], 9], [[167, 84], 9], [[178, 83], 9], [[190, 82], 9]]
169:  [[[148, 81], 11], [[133, 86], 9], [[123, 90], 8], [[114, 94], 6], [[165, 94], 11], [[157, 88], 9], [[178, 90], 9], [[188, 85], 8]]
170:  [[[164, 87], 13], [[176, 88], 11], [[190, 92], 10], [[154, 94], 10], [[140, 93], 9], [[127, 90], 8], [[119, 87], 7]]
171:  [[[155, 80], 11], [[142, 79], 10], [[129, 80], 9], [[116, 82], 7], [[157, 96], 10], [[171, 97], 10], [[184, 96], 8]]
172:  [[[129, 76], 9], [[139, 88], 12], [[153, 90], 13]]
173:  []
174:  []
175:  []
176:  []
177:  [[[108, 106], 24], [[137, 114], 15], [[133, 95], 8], [[76, 118], 13], [[80, 99], 7], [[86, 92], 5], [[125, 87], 5]]
178:  [[[109, 93], 36], [[148, 110], 20], [[66, 112], 18], [[91, 93], 34], [[129, 94], 32]]
179:  [[[108, 83], 46], [[139, 92], 38], [[78, 93], 38], [[49, 114], 17], [[167, 115], 17], [[141, 57], 11], [[74, 57], 10]]
180:  [[[108, 77], 54], [[162, 103], 26], [[53, 105], 26], [[63, 76], 25], [[153, 77], 25], [[153, 49], 9], [[61, 49], 9], [[183, 119], 9], [[31, 121], 9]]
181:  []
182:  []
