1:  [[[105, 59], 5], [[103, 64], 6], [[100, 72], 5], [[100, 78], 4], [[100, 82], 4], [[99, 87], 5], [[100, 94], 6], [[103, 101], 5], [[105, 107], 4], [[106, 112], 4], [[107, 117], 4], [[108, 124], 4], [[107, 121], 4], [[94, 125], 4], [[96, 121], 4], [[96, 117], 4], [[96, 111], 4], [[96, 107], 4], [[96, 101], 4], [[88, 82], 4], [[90, 78], 4], [[93, 73], 4], [[97, 68], 4], [[109, 85], 4], [[108, 81], 4], [[107, 76], 4], [[106, 71], 4], [[108, 52], 7]]
2:  [[[108, 52], 7], [[105, 59], 5], [[103, 64], 6], [[100, 72], 5], [[100, 78], 4], [[100, 82], 4], [[99, 87], 5], [[100, 94], 6], [[103, 101], 5], [[105, 107], 4], [[106, 112], 4], [[107, 117], 4], [[108, 124], 4], [[107, 121], 4], [[94, 125], 4], [[96, 121], 4], [[96, 117], 4], [[96, 111], 4], [[96, 107], 4], [[96, 101], 4], [[88, 82], 4], [[90, 78], 4], [[93, 73], 4], [[97, 68], 4], [[108, 81], 4], [[107, 76], 4], [[106, 71], 4], [[109, 84], 4]]
3:  [[[105, 59], 5], [[100, 72], 5], [[100, 78], 4], [[100, 82], 4], [[99, 87], 5], [[100, 94], 6], [[103, 101], 5], [[105, 107], 4], [[106, 112], 4], [[107, 117], 4], [[108, 124], 4], [[107, 121], 4], [[94, 125], 4], [[96, 121], 4], [[96, 117], 4], [[96, 111], 4], [[96, 107], 4], [[96, 101], 4], [[88, 82], 4], [[106, 73], 4], [[106, 66], 4], [[89, 78], 4], [[91, 74], 4], [[94, 71], 4], [[97, 67], 4], [[101, 62], 4], [[107, 51], 7], [[107, 84], 4], [[107, 78], 4]]
4:  [[[105, 59], 5], [[100, 72], 5], [[100, 78], 4], [[100, 82], 4], [[99, 87], 5], [[100, 94], 6], [[103, 101], 5], [[105, 107], 4], [[106, 112], 4], [[107, 117], 4], [[108, 124], 4], [[107, 121], 4], [[94, 125], 4], [[96, 121], 4], [[96, 117], 4], [[96, 111], 4], [[96, 107], 4], [[96, 101], 4], [[88, 82], 4], [[106, 73], 4], [[106, 66], 4], [[89, 78], 4], [[91, 74], 4], [[94, 71], 4], [[97, 67], 4], [[101, 62], 4], [[107, 51], 7], [[107, 84], 4], [[107, 78], 4]]
5:  [[[105, 59], 5], [[100, 72], 5], [[100, 78], 4], [[100, 82], 4], [[99, 87], 5], [[100, 94], 6], [[103, 101], 5], [[105, 107], 4], [[106, 112], 4], [[107, 117], 4], [[108, 124], 4], [[107, 121], 4], [[94, 125], 4], [[96, 121], 4], [[96, 117], 4], [[96, 111], 4], [[96, 107], 4], [[96, 101], 4], [[88, 82], 4], [[106, 73], 4], [[106, 66], 4], [[89, 78], 4], [[91, 74], 4], [[94, 71], 4], [[97, 67], 4], [[101, 62], 4], [[107, 51], 7], [[107, 84], 4], [[107, 78], 4]]
6:  [[[105, 59], 5], [[100, 72], 5], [[100, 78], 4], [[100, 82], 4], [[99, 87], 5], [[100, 94], 6], [[103, 101], 5], [[105, 107], 4], [[106, 112], 4], [[107, 117], 4], [[108, 124], 4], [[107, 121], 4], [[94, 125], 4], [[96, 121], 4], [[96, 117], 4], [[96, 111], 4], [[96, 107], 4], [[96, 101], 4], [[88, 82], 4], [[108, 85], 4], [[107, 79], 4], [[106, 73], 4], [[106, 66], 4], [[89, 78], 4], [[91, 74], 4], [[94, 71], 4], [[97, 67], 4], [[101, 62], 4], [[107, 51], 7]]
7:  [[[108, 52], 7], [[105, 59], 5], [[103, 64], 6], [[100, 72], 5], [[100, 78], 4], [[100, 82], 4], [[99, 87], 5], [[100, 94], 6], [[103, 101], 5], [[105, 107], 4], [[106, 112], 4], [[107, 117], 4], [[108, 124], 4], [[107, 121], 4], [[94, 125], 4], [[96, 121], 4], [[96, 117], 4], [[96, 111], 4], [[96, 107], 4], [[96, 101], 4], [[88, 82], 4], [[90, 78], 4], [[93, 73], 4], [[97, 68], 4], [[109, 85], 4], [[108, 81], 4], [[107, 76], 4], [[106, 71], 4]]
8:  [[[108, 52], 7], [[105, 59], 5], [[103, 64], 6], [[100, 72], 5], [[100, 78], 4], [[100, 82], 4], [[99, 87], 5], [[100, 94], 6], [[103, 101], 5], [[105, 107], 4], [[106, 112], 4], [[107, 117], 4], [[108, 124], 4], [[107, 121], 4], [[94, 125], 4], [[96, 121], 4], [[96, 117], 4], [[96, 111], 4], [[96, 107], 4], [[96, 101], 4], [[88, 82], 4], [[90, 78], 4], [[93, 73], 4], [[97, 68], 4], [[109, 85], 4], [[108, 81], 4], [[107, 76], 4], [[106, 71], 4]]
9:  [[[111, 50], 7], [[107, 58], 5], [[105, 65], 8], [[104, 75], 4], [[103, 81], 4], [[103, 87], 4], [[103, 91], 4], [[103, 96], 4], [[103, 102], 4], [[102, 107], 4], [[98, 117], 5], [[100, 112], 4], [[99, 124], 4], [[113, 84], 4], [[113, 78], 4], [[112, 72], 4], [[92, 80], 4], [[94, 76], 4], [[97, 71], 5]]
10:  [[[113, 50], 7], [[109, 58], 5], [[108, 65], 8], [[106, 74], 4], [[105, 80], 4], [[103, 88], 5], [[103, 94], 6], [[104, 101], 5], [[106, 107], 4], [[105, 123], 4], [[105, 119], 4], [[105, 114], 4], [[92, 124], 4], [[93, 119], 4], [[94, 114], 4], [[96, 110], 4], [[98, 105], 4], [[99, 99], 4], [[114, 83], 4], [[114, 78], 4], [[114, 72], 4], [[92, 80], 4], [[94, 76], 4], [[97, 72], 4], [[101, 69], 5]]
11:  [[[113, 50], 7], [[109, 58], 5], [[108, 65], 8], [[106, 74], 4], [[105, 80], 4], [[103, 88], 5], [[103, 94], 6], [[114, 83], 4], [[114, 78], 4], [[114, 72], 4], [[92, 80], 4], [[94, 76], 4], [[97, 72], 4], [[101, 69], 5], [[107, 102], 4], [[111, 125], 4], [[109, 120], 4], [[109, 115], 4], [[109, 109], 4], [[108, 105], 4], [[88, 123], 4], [[90, 117], 4], [[92, 112], 4], [[95, 108], 4], [[97, 104], 4], [[99, 99], 4]]
12:  [[[92, 80], 4], [[94, 76], 4], [[97, 72], 4], [[101, 69], 5], [[113, 53], 7], [[108, 64], 6], [[112, 69], 5], [[114, 75], 4], [[114, 79], 4], [[113, 85], 4], [[106, 124], 4], [[103, 120], 4], [[103, 114], 4], [[104, 108], 4], [[90, 121], 4], [[91, 116], 4], [[93, 112], 4], [[97, 107], 4], [[101, 102], 7], [[102, 94], 6], [[102, 87], 4], [[103, 82], 4], [[104, 76], 5]]
13:  [[[111, 52], 7], [[106, 62], 6], [[99, 70], 7], [[91, 80], 4], [[93, 75], 4], [[111, 85], 4], [[111, 80], 4], [[111, 75], 4], [[111, 69], 4], [[100, 124], 5], [[94, 121], 5], [[94, 114], 4], [[101, 118], 4], [[100, 112], 4], [[96, 110], 4], [[100, 105], 5], [[100, 98], 5], [[101, 80], 4], [[100, 86], 4], [[100, 91], 4]]
14:  [[[111, 52], 7], [[106, 62], 6], [[99, 70], 7], [[91, 80], 4], [[93, 75], 4], [[111, 85], 4], [[111, 80], 4], [[111, 75], 4], [[111, 69], 4], [[99, 124], 5], [[98, 116], 6], [[99, 111], 5], [[101, 105], 5], [[101, 98], 5], [[102, 92], 5], [[103, 85], 4], [[102, 79], 4]]
15:  []
16:  []
17:  []
18:  []
19:  []
20:  []
21:  [[[105, 48], 7], [[104, 58], 5], [[102, 65], 6], [[101, 73], 7], [[94, 82], 5], [[101, 84], 6], [[101, 119], 6], [[101, 113], 6], [[101, 107], 6], [[101, 101], 5], [[101, 95], 5], [[101, 91], 5], [[104, 124], 5], [[97, 125], 4]]
22:  [[[105, 48], 7], [[104, 58], 5], [[102, 65], 6], [[101, 73], 7], [[94, 82], 5], [[101, 84], 6], [[101, 119], 6], [[101, 113], 6], [[101, 107], 6], [[101, 101], 5], [[101, 95], 5], [[101, 91], 5], [[104, 124], 5], [[97, 125], 4]]
23:  [[[104, 58], 5], [[102, 65], 6], [[101, 73], 7], [[94, 82], 5], [[101, 84], 6], [[101, 119], 6], [[101, 113], 6], [[101, 107], 6], [[101, 101], 5], [[101, 95], 5], [[101, 91], 5], [[97, 125], 4], [[103, 125], 4], [[106, 49], 7]]
24:  [[[107, 48], 7], [[105, 57], 5], [[103, 66], 7], [[100, 74], 5], [[99, 82], 5], [[102, 120], 6], [[102, 112], 6], [[102, 105], 6], [[103, 99], 6], [[101, 93], 6], [[99, 87], 5]]
25:  [[[109, 53], 7], [[106, 65], 7], [[107, 59], 5], [[101, 72], 5], [[103, 122], 5], [[103, 116], 5], [[103, 109], 6], [[105, 103], 6], [[106, 98], 6], [[102, 91], 6], [[100, 83], 5], [[99, 77], 5]]
26:  [[[114, 55], 7], [[108, 66], 7], [[110, 61], 5], [[102, 75], 6], [[101, 82], 6], [[105, 89], 6], [[106, 97], 5], [[106, 103], 5], [[103, 115], 6], [[105, 109], 6]]
27:  [[[118, 61], 7], [[109, 67], 7], [[103, 73], 5], [[100, 79], 5], [[102, 86], 5], [[106, 91], 6], [[109, 97], 8], [[105, 106], 5], [[104, 113], 5]]
28:  [[[118, 63], 7], [[118, 72], 5], [[111, 68], 5], [[105, 70], 5], [[101, 75], 5], [[100, 83], 5], [[111, 95], 9], [[104, 89], 6], [[107, 105], 6], [[105, 111], 6]]
29:  [[[124, 75], 8], [[118, 82], 5], [[118, 89], 4], [[119, 101], 4], [[117, 97], 4], [[117, 93], 4], [[95, 125], 5], [[99, 119], 5], [[102, 114], 5], [[103, 107], 5], [[103, 101], 6], [[108, 106], 6], [[111, 110], 6], [[107, 117], 5], [[106, 124], 5], [[101, 94], 5], [[100, 85], 8], [[107, 81], 6], [[114, 77], 5]]
30:  [[[127, 98], 7], [[120, 100], 6], [[115, 100], 6], [[110, 97], 4], [[100, 97], 4], [[104, 97], 4], [[124, 106], 4], [[125, 110], 4], [[126, 126], 4], [[124, 121], 5], [[109, 105], 4], [[105, 108], 4], [[124, 115], 4], [[109, 117], 7], [[116, 119], 4], [[105, 112], 4], [[92, 124], 5], [[100, 124], 5], [[107, 125], 4]]
31:  [[[127, 88], 7], [[116, 92], 7], [[110, 97], 6], [[106, 101], 6], [[107, 108], 6], [[111, 116], 9], [[93, 125], 5], [[99, 125], 5], [[107, 125], 5]]
32:  [[[118, 81], 9], [[120, 73], 5], [[111, 76], 5], [[108, 87], 5], [[104, 93], 5], [[104, 99], 5], [[111, 112], 10], [[120, 111], 5], [[111, 124], 5], [[104, 122], 5], [[94, 125], 5], [[99, 123], 4]]
33:  [[[105, 53], 8], [[105, 69], 9], [[102, 61], 5], [[100, 77], 5], [[101, 85], 5], [[104, 98], 7], [[101, 91], 5], [[108, 126], 4], [[107, 120], 4], [[108, 115], 4], [[108, 110], 4], [[108, 104], 4], [[96, 125], 4], [[94, 120], 4], [[96, 114], 4], [[98, 109], 4], [[98, 104], 4]]
34:  [[[105, 54], 10], [[99, 64], 5], [[99, 72], 5], [[99, 79], 5], [[101, 86], 5], [[103, 94], 6], [[103, 102], 7], [[103, 114], 9], [[97, 122], 6], [[107, 123], 5]]
35:  [[[110, 54], 8], [[104, 63], 6], [[99, 69], 5], [[97, 74], 4], [[106, 81], 6], [[105, 72], 5], [[105, 87], 5], [[104, 95], 6], [[104, 103], 7], [[102, 112], 8], [[96, 122], 6], [[105, 122], 6]]
36:  [[[112, 56], 8], [[110, 68], 6], [[110, 77], 5], [[110, 84], 4], [[109, 92], 5], [[108, 98], 6], [[106, 107], 8], [[103, 117], 9], [[96, 125], 4], [[108, 125], 4], [[104, 65], 4]]
37:  [[[121, 64], 8], [[125, 76], 5], [[118, 74], 5], [[114, 79], 5], [[112, 85], 5], [[111, 91], 5], [[110, 98], 6], [[109, 104], 7], [[107, 111], 9], [[98, 125], 5], [[103, 119], 9], [[108, 125], 4]]
38:  [[[122, 70], 8], [[116, 80], 8], [[118, 87], 8], [[109, 89], 7], [[110, 99], 7], [[110, 109], 9], [[106, 117], 9], [[99, 123], 6], [[108, 125], 4]]
39:  [[[122, 58], 8], [[125, 72], 8], [[116, 67], 6], [[113, 75], 5], [[111, 80], 4], [[109, 86], 5], [[108, 94], 6], [[107, 100], 7], [[105, 108], 8], [[103, 118], 9], [[97, 124], 5], [[108, 124], 5]]
40:  [[[120, 39], 6], [[111, 51], 9], [[116, 45], 6], [[111, 62], 5], [[110, 66], 4], [[110, 69], 5], [[110, 76], 5], [[110, 82], 4], [[109, 89], 5], [[108, 95], 5], [[108, 101], 6], [[106, 107], 7], [[104, 116], 9], [[97, 123], 5], [[108, 124], 5]]
41:  [[[107, 51], 8], [[107, 61], 5], [[117, 62], 4], [[112, 63], 4], [[106, 65], 4], [[105, 70], 4], [[104, 75], 5], [[104, 81], 4], [[103, 87], 5], [[103, 95], 6], [[103, 103], 7], [[103, 111], 8], [[103, 119], 9], [[96, 124], 4], [[109, 125], 4]]
42:  [[[113, 53], 8], [[109, 62], 6], [[109, 70], 5], [[102, 84], 5], [[107, 79], 6], [[107, 86], 5], [[108, 93], 5], [[107, 101], 6], [[105, 110], 9], [[108, 124], 5], [[108, 121], 5], [[96, 68], 5], [[100, 63], 5]]
43:  []
44:  [[[116, 55], 8], [[113, 60], 7], [[115, 68], 5], [[116, 73], 5], [[116, 78], 5], [[116, 84], 5], [[116, 91], 6], [[123, 94], 5], [[127, 97], 5], [[129, 102], 5], [[133, 110], 5], [[130, 106], 5], [[109, 125], 5], [[110, 120], 5], [[111, 114], 5], [[113, 109], 5], [[114, 104], 5], [[114, 98], 5]]
45:  [[[136, 75], 7], [[127, 84], 8], [[123, 94], 11], [[119, 110], 15], [[131, 123], 6], [[109, 123], 5]]
46:  [[[129, 68], 7], [[120, 71], 6], [[114, 77], 7], [[110, 84], 7], [[111, 91], 7], [[111, 100], 8], [[112, 108], 9], [[112, 116], 9], [[107, 125], 4], [[119, 121], 5]]
47:  []
48:  [[[100, 55], 8], [[100, 68], 8], [[98, 79], 10], [[101, 92], 6], [[100, 101], 7], [[100, 107], 8], [[102, 116], 10], [[109, 123], 5], [[95, 124], 4]]
49:  [[[95, 64], 8], [[99, 75], 8], [[99, 84], 10], [[101, 101], 7], [[105, 94], 5], [[93, 105], 5], [[93, 111], 5], [[93, 118], 4], [[95, 123], 4], [[109, 123], 5], [[106, 117], 5], [[102, 111], 5], [[92, 91], 5]]
50:  [[[96, 71], 7], [[104, 78], 7], [[105, 84], 8], [[107, 93], 7], [[101, 109], 12], [[106, 100], 7], [[110, 123], 5], [[111, 116], 4], [[94, 125], 5], [[93, 118], 4]]
51:  [[[111, 69], 7], [[114, 78], 5], [[114, 85], 6], [[114, 93], 6], [[110, 100], 8], [[107, 111], 12], [[96, 120], 5], [[97, 124], 5], [[113, 124], 5]]
52:  [[[127, 46], 6], [[115, 50], 8], [[113, 59], 5], [[114, 65], 5], [[114, 71], 5], [[110, 106], 8], [[111, 97], 7], [[112, 87], 6], [[113, 79], 5], [[107, 116], 9], [[114, 125], 5], [[99, 124], 5]]
53:  [[[108, 49], 8], [[115, 49], 8], [[124, 45], 8], [[108, 59], 5], [[109, 65], 5], [[110, 70], 4], [[111, 74], 4], [[111, 77], 4], [[111, 82], 4], [[111, 88], 5], [[109, 97], 7], [[108, 106], 8], [[107, 112], 9], [[100, 122], 6], [[110, 123], 6]]
54:  [[[107, 50], 8], [[116, 43], 5], [[122, 56], 4], [[117, 58], 5], [[113, 58], 5], [[106, 98], 7], [[105, 89], 6], [[104, 81], 6], [[103, 74], 6], [[102, 66], 5], [[104, 60], 7], [[106, 106], 8], [[104, 116], 10], [[111, 123], 5], [[98, 123], 5]]
55:  [[[106, 98], 7], [[105, 89], 6], [[104, 81], 6], [[103, 74], 6], [[102, 66], 5], [[104, 60], 7], [[106, 106], 8], [[104, 116], 10], [[111, 123], 5], [[98, 123], 5], [[107, 51], 8], [[90, 56], 5], [[94, 61], 5]]
56:  [[[103, 74], 6], [[102, 66], 5], [[104, 60], 7], [[107, 51], 8], [[110, 124], 5], [[94, 124], 5], [[102, 118], 10], [[103, 107], 8], [[103, 98], 6], [[103, 91], 5], [[102, 84], 5], [[111, 83], 5], [[109, 76], 5], [[88, 74], 5], [[95, 70], 5]]
57:  [[[103, 48], 7], [[103, 66], 9], [[104, 56], 5], [[94, 72], 4], [[92, 78], 5], [[105, 77], 5], [[105, 84], 5], [[102, 93], 9], [[103, 104], 9], [[107, 124], 5], [[107, 118], 4], [[107, 113], 4]]
58:  [[[106, 40], 7], [[113, 49], 6], [[111, 56], 5], [[109, 64], 5], [[102, 72], 7], [[103, 83], 6], [[107, 88], 5], [[109, 94], 5], [[109, 101], 5], [[89, 60], 4], [[92, 55], 5], [[95, 51], 5], [[99, 47], 5]]
59:  [[[110, 38], 7], [[108, 60], 7], [[108, 50], 8], [[114, 74], 5], [[107, 72], 9], [[106, 83], 5], [[106, 90], 5]]
60:  [[[113, 39], 8], [[127, 49], 5], [[121, 49], 5], [[109, 51], 6], [[101, 54], 4], [[109, 58], 4], [[112, 63], 6], [[118, 61], 5], [[125, 69], 5], [[122, 65], 5], [[107, 92], 5], [[107, 87], 5], [[107, 81], 5], [[105, 74], 5], [[108, 69], 5]]
61:  [[[118, 38], 8], [[107, 43], 4], [[116, 49], 8], [[123, 55], 5], [[127, 59], 4], [[112, 56], 4], [[111, 61], 4], [[112, 66], 6], [[118, 69], 5], [[125, 71], 5], [[132, 73], 5], [[139, 75], 5], [[145, 77], 5], [[153, 77], 5], [[103, 86], 5], [[102, 80], 5], [[99, 76], 5], [[102, 70], 5]]
62:  [[[119, 40], 7], [[114, 50], 7], [[121, 52], 4], [[111, 61], 8], [[101, 86], 4], [[104, 81], 4], [[105, 77], 5], [[114, 75], 9], [[111, 105], 5], [[144, 90], 5], [[127, 86], 16], [[117, 97], 9]]
63:  [[[122, 45], 8], [[113, 44], 4], [[110, 44], 4], [[105, 45], 4], [[121, 55], 5], [[122, 59], 5], [[120, 66], 5], [[118, 74], 6], [[117, 85], 8], [[114, 92], 5], [[112, 97], 5], [[108, 101], 5], [[104, 112], 5], [[105, 106], 4]]
64:  [[[139, 77], 8], [[133, 85], 4], [[133, 100], 5], [[133, 93], 4], [[133, 89], 4], [[123, 124], 5], [[125, 118], 4], [[127, 113], 5], [[123, 108], 5], [[118, 104], 5], [[112, 99], 5], [[110, 105], 5], [[105, 111], 5], [[101, 116], 5], [[95, 125], 5], [[97, 120], 5], [[115, 91], 5], [[120, 85], 5], [[126, 79], 6], [[118, 77], 5], [[106, 77], 5], [[112, 77], 5]]
65:  [[[136, 85], 8], [[113, 88], 11], [[123, 85], 7], [[112, 106], 8], [[120, 112], 9], [[127, 117], 8], [[133, 124], 5], [[95, 126], 4], [[98, 121], 5], [[101, 114], 5], [[106, 110], 5]]
66:  [[[128, 74], 8], [[119, 74], 5], [[112, 79], 7], [[105, 89], 9], [[110, 94], 7], [[118, 99], 5], [[123, 104], 5], [[124, 110], 5], [[123, 115], 5], [[122, 125], 5], [[122, 120], 5], [[96, 124], 5], [[98, 119], 5], [[103, 114], 5], [[106, 108], 5], [[108, 101], 5]]
67:  [[[121, 59], 7], [[113, 65], 5], [[108, 73], 8], [[99, 78], 5], [[95, 83], 5], [[108, 84], 6], [[107, 90], 5], [[107, 96], 6], [[107, 104], 8], [[107, 113], 12], [[116, 123], 5], [[94, 125], 5], [[95, 120], 5]]
68:  [[[124, 61], 8], [[114, 66], 8], [[123, 73], 5], [[106, 71], 5], [[101, 77], 5], [[108, 91], 11], [[104, 103], 8], [[100, 110], 5], [[99, 116], 4]]
69:  [[[126, 62], 8], [[125, 72], 4], [[128, 78], 5], [[130, 83], 5], [[107, 57], 5], [[114, 58], 5], [[114, 66], 5], [[107, 70], 5], [[103, 76], 6], [[106, 86], 11], [[98, 95], 5], [[97, 102], 5], [[95, 108], 5], [[94, 115], 5]]
70:  [[[128, 62], 8], [[120, 60], 6], [[117, 56], 5], [[108, 54], 5], [[129, 72], 5], [[133, 78], 5], [[135, 84], 5], [[94, 109], 5], [[94, 103], 5], [[96, 97], 5], [[97, 90], 5], [[100, 84], 6], [[101, 79], 5], [[101, 73], 5], [[104, 69], 5], [[106, 66], 5], [[113, 65], 5], [[108, 80], 5], [[112, 88], 5], [[107, 90], 5]]
71:  [[[128, 62], 8], [[120, 60], 6], [[129, 72], 5], [[94, 109], 5], [[94, 103], 5], [[96, 97], 5], [[97, 90], 5], [[100, 84], 6], [[101, 79], 5], [[101, 73], 5], [[104, 69], 5], [[106, 66], 5], [[113, 65], 5], [[114, 82], 5], [[108, 76], 5], [[107, 87], 5], [[130, 86], 5], [[130, 78], 5], [[110, 53], 5], [[117, 54], 5]]
72:  [[[129, 72], 5], [[94, 109], 5], [[94, 103], 5], [[96, 97], 5], [[97, 90], 5], [[100, 84], 6], [[101, 79], 5], [[101, 73], 5], [[104, 69], 5], [[106, 66], 5], [[113, 65], 5], [[114, 82], 5], [[108, 76], 5], [[107, 87], 5], [[130, 86], 5], [[130, 78], 5], [[110, 53], 5], [[117, 54], 5], [[130, 68], 8], [[120, 61], 8]]
73:  [[[126, 62], 8], [[125, 72], 4], [[128, 78], 5], [[130, 83], 5], [[107, 57], 5], [[114, 58], 5], [[114, 66], 5], [[107, 70], 5], [[103, 76], 6], [[106, 86], 11], [[98, 95], 5], [[97, 102], 5], [[95, 108], 5], [[94, 115], 5]]
74:  [[[131, 95], 8], [[116, 106], 14], [[123, 117], 5], [[108, 120], 6], [[92, 125], 5], [[99, 124], 5], [[105, 124], 5]]
75:  [[[108, 120], 6], [[92, 125], 5], [[99, 124], 5], [[105, 124], 5], [[116, 110], 12], [[120, 99], 11], [[133, 90], 8], [[114, 123], 5]]
76:  [[[136, 84], 8], [[126, 94], 10], [[121, 108], 11], [[129, 122], 6], [[93, 124], 5], [[99, 122], 5], [[105, 122], 5], [[110, 117], 5]]
77:  [[[140, 87], 8], [[150, 85], 4], [[132, 92], 5], [[126, 95], 5], [[120, 99], 5], [[117, 105], 6], [[114, 112], 5], [[113, 117], 5], [[111, 122], 5], [[104, 123], 5], [[98, 123], 5], [[93, 125], 5], [[130, 126], 5], [[131, 118], 5], [[130, 110], 5], [[124, 106], 5]]
78:  [[[111, 122], 5], [[104, 123], 5], [[98, 123], 5], [[93, 125], 5], [[112, 116], 5], [[115, 108], 6], [[120, 113], 6], [[123, 115], 6], [[126, 122], 6], [[115, 101], 5], [[118, 96], 5], [[125, 93], 5], [[136, 91], 7], [[135, 96], 7]]
79:  [[[131, 91], 7], [[116, 110], 13], [[119, 99], 10], [[109, 101], 7], [[114, 125], 5], [[94, 125], 5], [[99, 125], 5], [[106, 125], 5], [[107, 118], 5]]
80:  [[[126, 95], 8], [[110, 105], 11], [[115, 96], 5], [[94, 125], 5], [[101, 125], 5], [[110, 124], 5], [[104, 118], 5], [[104, 114], 5], [[117, 120], 5]]
81:  [[[102, 52], 8], [[99, 62], 5], [[99, 70], 6], [[100, 80], 9], [[100, 96], 8], [[101, 106], 8], [[101, 115], 10], [[94, 124], 5], [[97, 88], 5]]
82:  [[[96, 52], 8], [[95, 62], 6], [[106, 68], 5], [[99, 67], 5], [[92, 69], 5], [[93, 75], 5], [[94, 81], 4], [[102, 97], 9], [[102, 108], 7], [[95, 123], 5], [[95, 114], 5], [[95, 104], 5], [[98, 86], 5], [[95, 91], 5]]
83:  [[[90, 52], 7], [[101, 60], 5], [[93, 64], 7], [[93, 74], 5], [[94, 82], 5], [[101, 98], 11], [[95, 88], 5], [[104, 109], 5], [[96, 125], 5], [[96, 118], 5], [[96, 110], 5]]
84:  [[[89, 52], 7], [[94, 63], 6], [[99, 61], 5], [[103, 56], 5], [[93, 71], 4], [[95, 77], 4], [[96, 82], 4], [[98, 91], 6], [[104, 99], 11], [[111, 112], 5], [[96, 124], 5], [[96, 117], 5], [[97, 109], 5]]
85:  [[[92, 54], 8], [[102, 50], 5], [[104, 57], 6], [[97, 62], 5], [[97, 69], 4], [[98, 75], 5], [[98, 82], 5], [[100, 90], 6], [[107, 101], 11], [[116, 114], 5], [[96, 123], 5], [[96, 117], 5], [[98, 109], 5]]
86:  [[[97, 55], 8], [[102, 54], 8], [[99, 65], 5], [[101, 71], 5], [[103, 78], 5], [[104, 85], 5], [[107, 94], 7], [[109, 103], 11], [[108, 114], 14], [[120, 120], 5], [[97, 124], 5]]
87:  [[[103, 56], 8], [[111, 57], 8], [[105, 66], 5], [[107, 71], 5], [[109, 76], 5], [[111, 84], 5], [[111, 94], 7], [[117, 100], 5], [[119, 106], 5], [[120, 113], 5], [[122, 118], 5], [[123, 124], 5], [[97, 124], 5], [[98, 119], 5], [[100, 114], 5], [[102, 109], 5], [[105, 101], 5]]
88:  []
89:  []
90:  []
91:  []
92:  []
93:  []
94:  []
95:  []
96:  []
97:  []
98:  []
99:  []
100:  []
101:  []
102:  [[[96, 49], 8], [[94, 57], 5], [[103, 61], 5], [[96, 64], 6], [[96, 72], 4], [[100, 77], 5], [[102, 83], 5], [[104, 90], 5], [[105, 97], 5], [[107, 105], 5], [[107, 113], 6], [[109, 118], 6]]
103:  [[[81, 53], 8], [[85, 63], 7], [[93, 64], 5], [[101, 64], 4], [[87, 72], 5], [[93, 78], 5], [[101, 84], 6], [[108, 89], 9], [[112, 100], 10], [[112, 110], 6], [[119, 103], 6]]
104:  [[[71, 66], 8], [[80, 71], 4], [[85, 70], 4], [[92, 70], 5], [[75, 76], 6], [[82, 83], 5], [[88, 86], 5], [[94, 88], 5], [[102, 90], 6], [[109, 94], 6], [[117, 103], 8]]
105:  [[[60, 86], 8], [[69, 87], 4], [[74, 85], 5], [[79, 83], 5], [[65, 93], 5], [[71, 95], 4], [[76, 96], 4], [[81, 96], 4], [[86, 96], 4], [[92, 95], 5], [[99, 93], 5], [[104, 92], 5], [[112, 91], 5], [[119, 90], 5], [[124, 88], 4]]
106:  [[[56, 102], 8], [[65, 100], 5], [[69, 97], 5], [[74, 94], 4], [[62, 108], 5], [[68, 110], 4], [[73, 110], 4], [[78, 110], 4], [[83, 108], 5], [[86, 104], 5], [[91, 99], 6], [[97, 96], 6], [[105, 94], 6], [[110, 90], 6], [[117, 89], 4]]
107:  [[[55, 120], 7], [[61, 123], 7], [[68, 117], 5], [[69, 125], 5], [[74, 125], 5], [[80, 124], 5], [[83, 121], 5], [[83, 114], 4], [[83, 108], 4], [[84, 106], 5], [[89, 104], 4], [[100, 99], 5], [[93, 101], 4]]
108:  [[[54, 121], 7], [[64, 124], 5], [[71, 123], 6], [[79, 123], 6], [[85, 121], 5], [[91, 117], 5], [[95, 113], 4], [[99, 113], 4], [[104, 113], 4], [[110, 113], 4], [[117, 113], 4], [[119, 111], 5]]
109:  [[[54, 121], 7], [[61, 124], 5], [[68, 125], 5], [[76, 124], 5], [[83, 125], 5], [[90, 124], 5], [[98, 124], 5], [[104, 123], 5], [[111, 124], 5], [[119, 124], 5], [[130, 124], 5], [[124, 124], 5]]
110:  [[[62, 114], 8], [[67, 122], 6], [[73, 124], 5], [[80, 124], 5], [[86, 125], 4], [[90, 123], 4], [[94, 121], 4], [[103, 118], 5], [[98, 120], 5], [[109, 120], 5], [[115, 123], 5], [[124, 124], 5]]
111:  [[[72, 102], 8], [[73, 112], 5], [[87, 120], 9], [[78, 117], 5], [[97, 116], 5], [[101, 113], 5], [[107, 117], 5], [[114, 125], 5], [[109, 121], 4]]
112:  [[[82, 96], 8], [[83, 107], 6], [[88, 116], 11], [[99, 111], 7], [[101, 120], 7], [[107, 124], 4]]
113:  [[[93, 94], 8], [[94, 115], 12], [[88, 104], 5], [[105, 125], 5]]
114:  [[[102, 89], 8], [[96, 109], 11], [[94, 96], 6], [[103, 124], 6], [[103, 115], 6]]
115:  [[[108, 81], 8], [[97, 95], 9], [[99, 83], 6], [[103, 109], 7], [[103, 117], 7], [[104, 125], 4]]
116:  [[[111, 66], 8], [[102, 86], 9], [[103, 76], 7], [[99, 95], 6], [[101, 111], 7], [[100, 103], 6], [[100, 119], 8], [[105, 125], 5]]
117:  [[[109, 54], 8], [[100, 74], 9], [[103, 65], 6], [[104, 86], 8], [[101, 107], 7], [[101, 96], 6], [[101, 116], 9], [[108, 124], 5], [[96, 124], 5]]
118:  []
119:  []
120:  []
121:  []
122:  []
123:  []
124:  []
125:  []
126:  []
127:  []
128:  []
129:  []
130:  []
131:  []
132:  []
133:  [[[91, 72], 8], [[103, 87], 8], [[98, 79], 6], [[101, 100], 8], [[101, 112], 12], [[109, 123], 5], [[95, 123], 5]]
134:  [[[113, 75], 8], [[114, 92], 10], [[108, 104], 9], [[106, 112], 11], [[111, 123], 5], [[96, 125], 5], [[96, 119], 5]]
135:  [[[110, 55], 8], [[121, 56], 5], [[128, 55], 5], [[110, 64], 5], [[112, 70], 4], [[111, 75], 4], [[111, 80], 4], [[111, 87], 5], [[110, 95], 6], [[105, 117], 10], [[108, 105], 8], [[110, 125], 4]]
136:  [[[107, 46], 8], [[110, 57], 5], [[111, 64], 5], [[111, 72], 5], [[111, 80], 5], [[111, 86], 5], [[108, 95], 8], [[104, 102], 8], [[108, 108], 5]]
137:  [[[103, 46], 8], [[92, 41], 5], [[107, 55], 5], [[109, 60], 5], [[110, 67], 5], [[112, 82], 9], [[111, 73], 6], [[106, 97], 11], [[98, 103], 6]]
138:  [[[103, 46], 8], [[92, 41], 5], [[107, 55], 5], [[109, 60], 5], [[110, 67], 5], [[111, 91], 11], [[110, 80], 8], [[110, 72], 4], [[117, 105], 4], [[116, 99], 4], [[91, 105], 4], [[92, 100], 5], [[97, 94], 5]]
139:  [[[108, 49], 8], [[125, 40], 6], [[118, 46], 5], [[108, 59], 4], [[108, 64], 4], [[108, 68], 4], [[108, 73], 4], [[108, 79], 5], [[107, 86], 7], [[107, 96], 10], [[106, 104], 13], [[95, 110], 6], [[115, 113], 6]]
140:  [[[129, 92], 8], [[110, 103], 8], [[119, 97], 7], [[119, 113], 8], [[112, 123], 6], [[103, 112], 6], [[79, 125], 5], [[87, 123], 5], [[94, 119], 5], [[97, 117], 5]]
141:  [[[128, 97], 8], [[110, 116], 13], [[122, 115], 6], [[117, 98], 5], [[109, 100], 5], [[102, 103], 5], [[79, 125], 5], [[85, 121], 5], [[93, 117], 5]]
142:  [[[129, 95], 8], [[118, 95], 5], [[112, 98], 5], [[102, 101], 6], [[105, 105], 5], [[113, 125], 5], [[110, 114], 11], [[120, 112], 5], [[78, 125], 5], [[84, 122], 5], [[91, 118], 5], [[96, 118], 5]]
143:  [[[128, 85], 8], [[105, 99], 8], [[111, 91], 6], [[117, 87], 5], [[108, 112], 13], [[114, 125], 4], [[85, 126], 4], [[88, 122], 5], [[93, 118], 5]]
144:  [[[116, 65], 8], [[105, 81], 7], [[109, 74], 6], [[103, 109], 10], [[101, 98], 8], [[101, 88], 7], [[102, 117], 11], [[111, 124], 5], [[91, 123], 5]]
145:  [[[107, 52], 8], [[99, 82], 14], [[103, 66], 8], [[99, 101], 8], [[101, 112], 9], [[108, 124], 6], [[95, 123], 6]]
146:  []
147:  []
148:  []
149:  []
150:  []
151:  []
152:  []
153:  []
154:  []
155:  []
156:  []
157:  []
158:  [[[120, 113], 17], [[126, 96], 13], [[138, 79], 8], [[132, 86], 9], [[132, 124], 5], [[107, 125], 4]]
159:  [[[138, 75], 8], [[139, 85], 4], [[139, 90], 5], [[127, 80], 5], [[120, 85], 5], [[119, 92], 7], [[120, 103], 11], [[119, 114], 14], [[131, 123], 6], [[108, 123], 6]]
160:  [[[134, 62], 8], [[144, 66], 5], [[151, 68], 5], [[127, 68], 4], [[126, 71], 5], [[123, 77], 5], [[122, 84], 5], [[121, 94], 7], [[120, 104], 10], [[121, 116], 13], [[130, 123], 6], [[108, 123], 5]]
161:  [[[123, 55], 8], [[133, 58], 5], [[140, 59], 5], [[119, 66], 5], [[119, 71], 5], [[119, 77], 5], [[119, 83], 5], [[119, 92], 7], [[119, 102], 10], [[120, 115], 14], [[109, 123], 6]]
162:  [[[111, 52], 8], [[121, 49], 6], [[110, 62], 5], [[109, 69], 5], [[109, 77], 4], [[109, 83], 4], [[109, 90], 5], [[110, 100], 7], [[114, 110], 9], [[109, 118], 5], [[108, 123], 5]]
163:  [[[98, 58], 8], [[105, 58], 6], [[98, 67], 5], [[98, 74], 5], [[98, 80], 5], [[100, 86], 5], [[101, 92], 5], [[101, 98], 6], [[101, 108], 7], [[105, 114], 5], [[106, 120], 5], [[107, 125], 5]]
164:  [[[100, 79], 7], [[91, 73], 7], [[94, 84], 5], [[90, 88], 5], [[86, 94], 5], [[84, 100], 5], [[84, 115], 14], [[106, 125], 6], [[101, 117], 6], [[98, 109], 6]]
165:  [[[86, 94], 5], [[84, 100], 5], [[84, 115], 14], [[106, 125], 6], [[101, 117], 6], [[98, 109], 6], [[91, 87], 6], [[102, 81], 8]]
166:  [[[90, 112], 16], [[105, 122], 7], [[79, 121], 7], [[104, 82], 8], [[113, 87], 5], [[119, 89], 5], [[124, 91], 5], [[94, 87], 7], [[86, 87], 5], [[91, 96], 7]]
167:  [[[107, 82], 8], [[95, 90], 7], [[87, 97], 10], [[92, 113], 15], [[106, 122], 7], [[78, 123], 6], [[116, 84], 5], [[123, 85], 5], [[131, 85], 5]]
168:  [[[107, 82], 8], [[95, 90], 7], [[87, 97], 10], [[92, 113], 15], [[106, 122], 7], [[78, 123], 6], [[116, 84], 5], [[123, 85], 5], [[131, 85], 5]]
169:  [[[107, 82], 8], [[95, 90], 7], [[87, 97], 10], [[92, 113], 15], [[106, 122], 7], [[78, 123], 6], [[116, 84], 5], [[123, 85], 5], [[131, 85], 5]]
170:  [[[107, 82], 8], [[95, 90], 7], [[87, 97], 10], [[92, 113], 15], [[106, 122], 7], [[78, 123], 6], [[116, 84], 5], [[123, 85], 5], [[131, 85], 5]]
171:  [[[107, 82], 8], [[95, 90], 7], [[87, 97], 10], [[92, 113], 15], [[106, 122], 7], [[78, 123], 6], [[116, 84], 5], [[123, 85], 5], [[131, 85], 5]]
172:  [[[109, 74], 8], [[117, 80], 5], [[122, 81], 5], [[129, 81], 5], [[101, 80], 5], [[98, 85], 5], [[95, 91], 5], [[95, 99], 7], [[96, 112], 14], [[107, 123], 5], [[82, 122], 5]]
173:  [[[106, 61], 8], [[106, 77], 8], [[106, 69], 6], [[115, 79], 4], [[100, 86], 5], [[99, 93], 5], [[98, 103], 7], [[96, 114], 10], [[99, 125], 5]]
174:  [[[103, 38], 8], [[103, 50], 6], [[104, 59], 6], [[103, 67], 5], [[103, 72], 5], [[102, 81], 6], [[96, 96], 8], [[100, 88], 6]]
175:  [[[105, 27], 8], [[109, 34], 5], [[108, 40], 5], [[107, 46], 5], [[106, 52], 5], [[103, 62], 7], [[96, 65], 6], [[85, 72], 5], [[90, 68], 6]]
176:  [[[107, 20], 7], [[89, 72], 7], [[95, 69], 6], [[102, 65], 6], [[104, 57], 6], [[107, 50], 5], [[108, 44], 5], [[108, 38], 5], [[108, 31], 5]]
177:  [[[120, 98], 9], [[106, 110], 14], [[95, 122], 6], [[84, 125], 6], [[109, 126], 5]]
178:  [[[120, 98], 9], [[106, 110], 14], [[95, 122], 6], [[84, 125], 6], [[109, 126], 5], [[108, 97], 7]]
179:  [[[120, 98], 9], [[106, 110], 14], [[95, 122], 6], [[84, 125], 6], [[109, 126], 5], [[108, 97], 7]]
180:  [[[116, 85], 8], [[121, 93], 5], [[107, 87], 5], [[103, 92], 5], [[101, 98], 5], [[105, 111], 12], [[109, 124], 5], [[84, 124], 5], [[89, 122], 5], [[94, 119], 5]]
181:  [[[113, 72], 8], [[106, 82], 8], [[101, 103], 8], [[100, 93], 5], [[100, 89], 5], [[111, 90], 5], [[102, 111], 11], [[107, 123], 6], [[93, 122], 6]]
182:  [[[110, 60], 8], [[105, 69], 5], [[103, 76], 6], [[101, 85], 6], [[101, 93], 6], [[101, 102], 8], [[101, 111], 10], [[96, 122], 8], [[105, 122], 7]]
